0 0 1
1 0 1
2 0 1
3 0 1
4 0 1
5 0 1
6 0 1
7 0 1
8 0 1
9 0 1
10 0 1
11 0 1
12 0 1
13 0 1
14 0 1
15 0 1
16 0 1
17 0 1
18 0 1
19 0 1
20 0 1
21 0 1
22 0 1
23 0 1
24 0 1
25 0 1
26 0 1
27 0 1
28 0 1
29 0 1
30 0 1
31 0 1
32 0 1
33 0 1
34 0 1
35 0 1
36 0 1
37 0 1
38 0 1
39 0 1
40 0 1
41 0 1
42 0 1
43 0 1
44 0 1
45 0 1
46 0 1
47 0 1
48 0 1
49 0 1
50 0 1
51 0 1
52 0 1
53 0 1
54 0 1
55 0 1
56 0 1
57 0 1
58 0 1
59 0 1
60 0 1
61 0 1
62 0 1
63 0 1
64 0 1
65 0 1
66 0 1
67 0 1
68 0 1
69 0 1
70 0 1
71 0 1
72 0 1
73 0 1
74 0 1
75 0 1
76 0 1
77 0 1
78 0 1
79 0 1
80 0 1
81 0 1
82 0 1
83 0 1
84 0 1
85 0 1
86 0 1
87 0 1
88 0 1
89 0 1
90 0 1
91 0 1
92 0 1
93 0 1
94 0 1
95 0 1
96 0 1
97 0 1
98 0 1
99 0 1
100 0 1
101 0 1
102 0 1
103 0 1
104 0 1
105 0 1
106 0 1
107 0 1
108 0 1
109 0 1
110 0 1
111 0 1
112 0 1
113 0 1
114 0 1
115 0 1
116 0 1
117 0 1
118 0 1
119 0 1
120 0 1
121 0 1
122 0 1
123 0 1
124 0 1
125 0 1
126 0 1
127 0 1
128 0 1
129 0 1
130 0 1
131 0 1
132 0 1
133 0 1
134 0 1
135 0 1
136 0 1
137 0 1
138 0 1
139 0 1
140 0 1
141 0 1
142 0 1
143 0 1
144 0 1
145 0 1
146 0 1
147 0 1
148 0 1
149 0 1
150 0 1
151 0 1
152 0 1
153 0 1
154 0 1
155 0 1
156 0 1
157 0 1
158 0 1
159 0 1
160 0 1
161 0 1
162 0 1
163 0 1
164 0 1
165 0 1
166 0 1
167 0 1
168 0 1
169 0 1
170 0 1
171 0 1
172 0 1
173 0 1
174 0 1
175 0 1
176 0 1
177 0 1
178 0 1
179 0 1
180 0 1
181 0 1
182 0 1
183 0 1
184 0 1
185 0 1
186 0 1
187 0 1
188 0 1
189 0 1
190 0 1
191 0 1
192 0 1
193 0 1
194 0 1
195 0 1
196 0 1
197 0 1
198 0 1
199 0 1
200 0 1
201 0 1
202 0 1
203 0 1
204 0 1
205 0 1
206 0 1
207 0 1
208 0 1
209 0 1
210 0 1
211 0 1
212 0 1
213 0 1
214 0 1
215 0 1
216 0 1
217 0 1
218 0 1
219 0 1
220 0 1
221 0 1
222 0 1
223 0 1
224 0 1
225 0 1
226 0 1
227 0 1
228 0 1
229 0 1
230 0 1
231 0 1
232 0 1
233 0 1
234 0 1
235 0 1
236 0 1
237 0 1
238 0 1
239 0 1
240 0 1
241 0 1
242 0 1
243 0 1
244 0 1
245 0 1
246 0 1
247 0 1
248 0 1
249 0 1
250 0 1
251 0 1
252 0 1
253 0 1
254 0 1
255 0 1
0 127 1
1 127 1
2 127 1
3 127 1
4 127 1
5 127 1
6 127 1
7 127 1
8 127 1
9 127 1
10 127 1
11 127 1
12 127 1
13 127 1
14 127 1
15 127 1
16 127 1
17 127 1
18 127 1
19 127 1
20 127 1
21 127 1
22 127 1
23 127 1
24 127 1
25 127 1
26 127 1
27 127 1
28 127 1
29 127 1
30 127 1
31 127 1
32 127 1
33 127 1
34 127 1
35 127 1
36 127 1
37 127 1
38 127 1
39 127 1
40 127 1
41 127 1
42 127 1
43 127 1
44 127 1
45 127 1
46 127 1
47 127 1
48 127 1
49 127 1
50 127 1
51 127 1
52 127 1
53 127 1
54 127 1
55 127 1
56 127 1
57 127 1
58 127 1
59 127 1
60 127 1
61 127 1
62 127 1
63 127 1
64 127 1
65 127 1
66 127 1
67 127 1
68 127 1
69 127 1
70 127 1
71 127 1
72 127 1
73 127 1
74 127 1
75 127 1
76 127 1
77 127 1
78 127 1
79 127 1
80 127 1
81 127 1
82 127 1
83 127 1
84 127 1
85 127 1
86 127 1
87 127 1
88 127 1
89 127 1
90 127 1
91 127 1
92 127 1
93 127 1
94 127 1
95 127 1
96 127 1
97 127 1
98 127 1
99 127 1
100 127 1
101 127 1
102 127 1
103 127 1
104 127 1
105 127 1
106 127 1
107 127 1
108 127 1
109 127 1
110 127 1
111 127 1
112 127 1
113 127 1
114 127 1
115 127 1
116 127 1
117 127 1
118 127 1
119 127 1
120 127 1
121 127 1
122 127 1
123 127 1
124 127 1
125 127 1
126 127 1
127 127 1
128 127 1
129 127 1
130 127 1
131 127 1
132 127 1
133 127 1
134 127 1
135 127 1
136 127 1
137 127 1
138 127 1
139 127 1
140 127 1
141 127 1
142 127 1
143 127 1
144 127 1
145 127 1
146 127 1
147 127 1
148 127 1
149 127 1
150 127 1
151 127 1
152 127 1
153 127 1
154 127 1
155 127 1
156 127 1
157 127 1
158 127 1
159 127 1
160 127 1
161 127 1
162 127 1
163 127 1
164 127 1
165 127 1
166 127 1
167 127 1
168 127 1
169 127 1
170 127 1
171 127 1
172 127 1
173 127 1
174 127 1
175 127 1
176 127 1
177 127 1
178 127 1
179 127 1
180 127 1
181 127 1
182 127 1
183 127 1
184 127 1
185 127 1
186 127 1
187 127 1
188 127 1
189 127 1
190 127 1
191 127 1
192 127 1
193 127 1
194 127 1
195 127 1
196 127 1
197 127 1
198 127 1
199 127 1
200 127 1
201 127 1
202 127 1
203 127 1
204 127 1
205 127 1
206 127 1
207 127 1
208 127 1
209 127 1
210 127 1
211 127 1
212 127 1
213 127 1
214 127 1
215 127 1
216 127 1
217 127 1
218 127 1
219 127 1
220 127 1
221 127 1
222 127 1
223 127 1
224 127 1
225 127 1
226 127 1
227 127 1
228 127 1
229 127 1
230 127 1
231 127 1
232 127 1
233 127 1
234 127 1
235 127 1
236 127 1
237 127 1
238 127 1
239 127 1
240 127 1
241 127 1
242 127 1
243 127 1
244 127 1
245 127 1
246 127 1
247 127 1
248 127 1
249 127 1
250 127 1
251 127 1
252 127 1
253 127 1
254 127 1
255 127 1
33 61 1
33 62 1
33 63 1
33 64 1
33 65 1
33 66 1
33 67 1
34 59 1
34 60 1
34 61 1
34 62 1
34 63 1
34 64 1
34 65 1
34 66 1
34 67 1
34 68 1
34 69 1
35 58 1
35 59 1
35 60 1
35 61 1
35 62 1
35 63 1
35 64 1
35 65 1
35 66 1
35 67 1
35 68 1
35 69 1
35 70 1
36 58 1
36 59 1
36 60 1
36 61 1
36 62 1
36 63 1
36 64 1
36 65 1
36 66 1
36 67 1
36 68 1
36 69 1
36 70 1
37 57 1
37 58 1
37 59 1
37 60 1
37 61 1
37 62 1
37 63 1
37 64 1
37 65 1
37 66 1
37 67 1
37 68 1
37 69 1
37 70 1
37 71 1
38 57 1
38 58 1
38 59 1
38 60 1
38 61 1
38 62 1
38 63 1
38 64 1
38 65 1
38 66 1
38 67 1
38 68 1
38 69 1
38 70 1
38 71 1
39 57 1
39 58 1
39 59 1
39 60 1
39 61 1
39 62 1
39 63 1
39 64 1
39 65 1
39 66 1
39 67 1
39 68 1
39 69 1
39 70 1
39 71 1
40 57 1
40 58 1
40 59 1
40 60 1
40 61 1
40 62 1
40 63 1
40 64 1
40 65 1
40 66 1
40 67 1
40 68 1
40 69 1
40 70 1
40 71 1
41 57 1
41 58 1
41 59 1
41 60 1
41 61 1
41 62 1
41 63 1
41 64 1
41 65 1
41 66 1
41 67 1
41 68 1
41 69 1
41 70 1
41 71 1
42 57 1
42 58 1
42 59 1
42 60 1
42 61 1
42 62 1
42 63 1
42 64 1
42 65 1
42 66 1
42 67 1
42 68 1
42 69 1
42 70 1
42 71 1
43 57 1
43 58 1
43 59 1
43 60 1
43 61 1
43 62 1
43 63 1
43 64 1
43 65 1
43 66 1
43 67 1
43 68 1
43 69 1
43 70 1
43 71 1
44 58 1
44 59 1
44 60 1
44 61 1
44 62 1
44 63 1
44 64 1
44 65 1
44 66 1
44 67 1
44 68 1
44 69 1
44 70 1
45 58 1
45 59 1
45 60 1
45 61 1
45 62 1
45 63 1
45 64 1
45 65 1
45 66 1
45 67 1
45 68 1
45 69 1
45 70 1
46 59 1
46 60 1
46 61 1
46 62 1
46 63 1
46 64 1
46 65 1
46 66 1
46 67 1
46 68 1
46 69 1
47 61 1
47 62 1
47 63 1
47 64 1
47 65 1
47 66 1
47 67 1
